Lecture fichier : ../test/att15.tsp
NAME: att15
COMMENT: 15 premiers de att48)
TYPE: TSP
DIMENSION: 15
EDGE_WEIGHT_TYPE: ATT
NODE_COORD_SECTION:
1 6734 1453
2 2233 10
3 5530 1424
4 401 841
5 3082 1644
6 7608 4458
7 7573 3716
8 7265 1268
9 6898 1885
10 1112 2049
11 5468 2606
12 5989 2873
13 4706 2674
14 4612 2035
15 6347 2683
EOF
distance ATT
Longueur du tour canonique (tsplib95 built in) = 13095


Instance ; algo ; long (C) ; long (Python) ; temps ; tour ; valid ; mêmes longueurs
att15 ; -c ; 13095 ; 13095 ; 0.0 ; [1, 2, 3, 4, 5, 6, 7, 8, 9, 10, 11, 12, 13, 14, 15] ; True ; True
att15 ; nn ; 7798 ; 7798 ; 8e-06 ; [1, 9, 8, 15, 12, 11, 13, 14, 3, 5, 2, 4, 10, 7, 6] ; True ; True
att15 ; rw ; 15249 ; 15249 ; 1.1e-05 ; [8, 2, 10, 7, 12, 5, 15, 11, 13, 6, 9, 4, 3, 1, 14] ; True ; True
att15 ; 2optnn ; 6553 ; 6553 ; 0.0 ; [6, 15, 12, 11, 13, 10, 4, 2, 5, 14, 3, 1, 8, 9, 7] ; True ; True
att15 ; 2optrw ; 7349 ; 7349 ; 0.0 ; [10, 4, 2, 5, 14, 13, 11, 12, 6, 7, 15, 3, 1, 8, 9] ; True ; True
Lecture fichier : ../test/burma14.tsp
NAME: burma14
COMMENT: 14-Staedte in Burma (Zaw Win)
TYPE: TSP
DIMENSION: 14
EDGE_WEIGHT_TYPE: GEO
NODE_COORD_SECTION:
1 16.47 96.1
2 16.47 94.44
3 20.09 92.54
4 22.39 93.37
5 25.23 97.24
6 22.0 96.05
7 20.47 97.02
8 17.2 96.29
9 16.3 97.38
10 14.05 98.12
11 16.53 97.38
12 21.52 95.59
13 19.41 97.13
14 20.09 94.55
EOF
distance géométrique
Longueur du tour canonique (tsplib95 built in) = 4562


Instance ; algo ; long (C) ; long (Python) ; temps ; tour ; valid ; mêmes longueurs
burma14 ; -c ; 4562 ; 4562 ; 0.0 ; [1, 2, 3, 4, 5, 6, 7, 8, 9, 10, 11, 12, 13, 14] ; True ; True
burma14 ; nn ; 4048 ; 4048 ; 1.9e-05 ; [1, 8, 11, 9, 10, 2, 14, 3, 4, 12, 6, 7, 13, 5] ; True ; True
burma14 ; rw ; 5354 ; 5354 ; 2.2e-05 ; [7, 3, 10, 9, 11, 8, 1, 5, 12, 4, 2, 6, 14, 13] ; True ; True
burma14 ; 2optnn ; 4040 ; 4040 ; 0.0 ; [1, 8, 11, 9, 10, 2, 14, 3, 4, 6, 12, 13, 7, 5] ; True ; True
burma14 ; 2optrw ; 3323 ; 3323 ; 0.0 ; [7, 12, 6, 5, 4, 3, 14, 2, 1, 10, 9, 11, 8, 13] ; True ; True
Lecture fichier : ../test/berlin52.tsp
NAME: berlin52
COMMENT: 52 locations in Berlin (Groetschel)
TYPE: TSP
DIMENSION: 52
EDGE_WEIGHT_TYPE: EUC_2D
NODE_COORD_SECTION:
1 565.0 575.0
2 25.0 185.0
3 345.0 750.0
4 945.0 685.0
5 845.0 655.0
6 880.0 660.0
7 25.0 230.0
8 525.0 1000.0
9 580.0 1175.0
10 650.0 1130.0
11 1605.0 620.0
12 1220.0 580.0
13 1465.0 200.0
14 1530.0 5.0
15 845.0 680.0
16 725.0 370.0
17 145.0 665.0
18 415.0 635.0
19 510.0 875.0
20 560.0 365.0
21 300.0 465.0
22 520.0 585.0
23 480.0 415.0
24 835.0 625.0
25 975.0 580.0
26 1215.0 245.0
27 1320.0 315.0
28 1250.0 400.0
29 660.0 180.0
30 410.0 250.0
31 420.0 555.0
32 575.0 665.0
33 1150.0 1160.0
34 700.0 580.0
35 685.0 595.0
36 685.0 610.0
37 770.0 610.0
38 795.0 645.0
39 720.0 635.0
40 760.0 650.0
41 475.0 960.0
42 95.0 260.0
43 875.0 920.0
44 700.0 500.0
45 555.0 815.0
46 830.0 485.0
47 1170.0 65.0
48 830.0 610.0
49 605.0 625.0
50 595.0 360.0
51 1340.0 725.0
52 1740.0 245.0
EOF
distance euclidienne
Longueur du tour canonique (tsplib95 built in) = 22205


Instance ; algo ; long (C) ; long (Python) ; temps ; tour ; valid ; mêmes longueurs
berlin52 ; -c ; 22205 ; 22205.617692710774 ; 0.0 ; [1, 2, 3, 4, 5, 6, 7, 8, 9, 10, 11, 12, 13, 14, 15, 16, 17, 18, 19, 20, 21, 22, 23, 24, 25, 26, 27, 28, 29, 30, 31, 32, 33, 34, 35, 36, 37, 38, 39, 40, 41, 42, 43, 44, 45, 46, 47, 48, 49, 50, 51, 52] ; True ; False
berlin52 ; nn ; 8980 ; 8980.918279329191 ; 7e-05 ; [1, 22, 49, 32, 36, 35, 34, 39, 40, 38, 37, 48, 24, 5, 15, 6, 4, 25, 46, 44, 16, 50, 20, 23, 31, 18, 3, 19, 45, 41, 8, 10, 9, 43, 33, 51, 12, 28, 27, 26, 47, 13, 14, 52, 11, 29, 30, 21, 17, 42, 7, 2] ; True ; False
berlin52 ; rw ; 29549 ; 29551.297216270807 ; 1.9e-05 ; [43, 41, 39, 47, 24, 1, 21, 31, 28, 40, 22, 12, 27, 23, 50, 33, 15, 5, 46, 32, 36, 52, 2, 19, 9, 45, 37, 3, 16, 51, 14, 44, 49, 20, 29, 34, 38, 35, 4, 7, 8, 48, 42, 25, 10, 17, 6, 30, 13, 18, 26, 11] ; True ; False
berlin52 ; 2optnn ; 8691 ; 8691.774416760185 ; 0.0 ; [37, 40, 39, 36, 35, 34, 44, 46, 16, 29, 50, 20, 23, 21, 31, 18, 22, 1, 49, 32, 45, 43, 4, 6, 15, 5, 38, 24, 48, 25, 28, 27, 26, 47, 13, 14, 52, 11, 12, 51, 33, 10, 9, 8, 41, 19, 3, 17, 7, 2, 42, 30] ; True ; False
berlin52 ; 2optrw ; 9358 ; 9358.824766260655 ; 0.0 ; [32, 45, 19, 41, 8, 9, 10, 43, 33, 51, 11, 52, 13, 27, 28, 12, 25, 4, 6, 15, 5, 24, 48, 38, 37, 40, 39, 36, 35, 34, 46, 16, 50, 20, 23, 44, 49, 1, 22, 31, 21, 18, 3, 17, 7, 2, 42, 30, 29, 47, 26, 14] ; True ; False
